robots:
    - namespace: robot1
      initial_pose:
          latitude: 51.98738974075392
          longitude: 5.663766672207017
          altitude: 1.902507008750121
          heading: 1.5707963267948966
    - namespace: robot2
      initial_pose:
          latitude: 51.98734974075392
          longitude: 5.663366372207017
          altitude: 1.902507008750121
          heading: 0.5707963267948966
